1759002522453 0.1160203424638457 0 cfa811d70f90408aa7fd36d34f132e2f
1759002522453 0.1160203424638457 0 cfa811d70f90408aa7fd36d34f132e2f
1759002827525 0.11950305158893393 0 cfa811d70f90408aa7fd36d34f132e2f
1759002522453 0.1160203424638457 0 cfa811d70f90408aa7fd36d34f132e2f
1759002522453 0.1160203424638457 0 cfa811d70f90408aa7fd36d34f132e2f
1759002827525 0.11950305158893393 0 cfa811d70f90408aa7fd36d34f132e2f
1759003173690 0.1194178388316489 0 cfa811d70f90408aa7fd36d34f132e2f
1759002522453 0.1160203424638457 0 cfa811d70f90408aa7fd36d34f132e2f
1759002522453 0.1160203424638457 0 cfa811d70f90408aa7fd36d34f132e2f
1759002827525 0.11950305158893393 0 cfa811d70f90408aa7fd36d34f132e2f
1759002522453 0.1160203424638457 0 cfa811d70f90408aa7fd36d34f132e2f
1759002522453 0.1160203424638457 0 cfa811d70f90408aa7fd36d34f132e2f
1759002827525 0.11950305158893393 0 cfa811d70f90408aa7fd36d34f132e2f
1759003173690 0.1194178388316489 0 cfa811d70f90408aa7fd36d34f132e2f
1759003418492 0.07081514453742714 0 cfa811d70f90408aa7fd36d34f132e2f
1759002522453 0.1160203424638457 0 cfa811d70f90408aa7fd36d34f132e2f
1759002522453 0.1160203424638457 0 cfa811d70f90408aa7fd36d34f132e2f
1759002827525 0.11950305158893393 0 cfa811d70f90408aa7fd36d34f132e2f
1759002522453 0.1160203424638457 0 cfa811d70f90408aa7fd36d34f132e2f
1759002522453 0.1160203424638457 0 cfa811d70f90408aa7fd36d34f132e2f
1759002827525 0.11950305158893393 0 cfa811d70f90408aa7fd36d34f132e2f
1759003173690 0.1194178388316489 0 cfa811d70f90408aa7fd36d34f132e2f
1759002522453 0.1160203424638457 0 cfa811d70f90408aa7fd36d34f132e2f
1759002522453 0.1160203424638457 0 cfa811d70f90408aa7fd36d34f132e2f
1759002827525 0.11950305158893393 0 cfa811d70f90408aa7fd36d34f132e2f
1759002522453 0.1160203424638457 0 cfa811d70f90408aa7fd36d34f132e2f
1759002522453 0.1160203424638457 0 cfa811d70f90408aa7fd36d34f132e2f
1759002827525 0.11950305158893393 0 cfa811d70f90408aa7fd36d34f132e2f
1759003173690 0.1194178388316489 0 cfa811d70f90408aa7fd36d34f132e2f
1759003418492 0.07081514453742714 0 cfa811d70f90408aa7fd36d34f132e2f
1759003656830 0.11037892585917411 0 cfa811d70f90408aa7fd36d34f132e2f
1759002522453 0.1160203424638457 0 cfa811d70f90408aa7fd36d34f132e2f
1759002522453 0.1160203424638457 0 cfa811d70f90408aa7fd36d34f132e2f
1759002827525 0.11950305158893393 0 cfa811d70f90408aa7fd36d34f132e2f
1759002522453 0.1160203424638457 0 cfa811d70f90408aa7fd36d34f132e2f
1759002522453 0.1160203424638457 0 cfa811d70f90408aa7fd36d34f132e2f
1759002827525 0.11950305158893393 0 cfa811d70f90408aa7fd36d34f132e2f
1759003173690 0.1194178388316489 0 cfa811d70f90408aa7fd36d34f132e2f
1759002522453 0.1160203424638457 0 cfa811d70f90408aa7fd36d34f132e2f
1759002522453 0.1160203424638457 0 cfa811d70f90408aa7fd36d34f132e2f
1759002827525 0.11950305158893393 0 cfa811d70f90408aa7fd36d34f132e2f
1759002522453 0.1160203424638457 0 cfa811d70f90408aa7fd36d34f132e2f
1759002522453 0.1160203424638457 0 cfa811d70f90408aa7fd36d34f132e2f
1759002827525 0.11950305158893393 0 cfa811d70f90408aa7fd36d34f132e2f
1759003173690 0.1194178388316489 0 cfa811d70f90408aa7fd36d34f132e2f
1759003418492 0.07081514453742714 0 cfa811d70f90408aa7fd36d34f132e2f
1759002522453 0.1160203424638457 0 cfa811d70f90408aa7fd36d34f132e2f
1759002522453 0.1160203424638457 0 cfa811d70f90408aa7fd36d34f132e2f
1759002827525 0.11950305158893393 0 cfa811d70f90408aa7fd36d34f132e2f
1759002522453 0.1160203424638457 0 cfa811d70f90408aa7fd36d34f132e2f
1759002522453 0.1160203424638457 0 cfa811d70f90408aa7fd36d34f132e2f
1759002827525 0.11950305158893393 0 cfa811d70f90408aa7fd36d34f132e2f
1759003173690 0.1194178388316489 0 cfa811d70f90408aa7fd36d34f132e2f
1759002522453 0.1160203424638457 0 cfa811d70f90408aa7fd36d34f132e2f
1759002522453 0.1160203424638457 0 cfa811d70f90408aa7fd36d34f132e2f
1759002827525 0.11950305158893393 0 cfa811d70f90408aa7fd36d34f132e2f
1759002522453 0.1160203424638457 0 cfa811d70f90408aa7fd36d34f132e2f
1759002522453 0.1160203424638457 0 cfa811d70f90408aa7fd36d34f132e2f
1759002827525 0.11950305158893393 0 cfa811d70f90408aa7fd36d34f132e2f
1759003173690 0.1194178388316489 0 cfa811d70f90408aa7fd36d34f132e2f
1759003418492 0.07081514453742714 0 cfa811d70f90408aa7fd36d34f132e2f
1759003656830 0.11037892585917411 0 cfa811d70f90408aa7fd36d34f132e2f
1759003917825 0.030244771141575442 0 cfa811d70f90408aa7fd36d34f132e2f
