1759002522261 0.1765592805539614 0 cfa811d70f90408aa7fd36d34f132e2f
1759002827291 0.18196956825680233 0 cfa811d70f90408aa7fd36d34f132e2f
1759003173432 0.18324754087520045 0 cfa811d70f90408aa7fd36d34f132e2f
1759003418217 0.11330639809363215 0 cfa811d70f90408aa7fd36d34f132e2f
1759003656532 0.1725586136676562 0 cfa811d70f90408aa7fd36d34f132e2f
1759003917521 0.04863887862283382 0 cfa811d70f90408aa7fd36d34f132e2f
1759004725631 0.18049795535433832 0 cfa811d70f90408aa7fd36d34f132e2f
1759004963627 0.11589175353375168 0 cfa811d70f90408aa7fd36d34f132e2f
1759005219101 0.1743496598832957 0 cfa811d70f90408aa7fd36d34f132e2f
1759005509390 0.055530388225319395 0 cfa811d70f90408aa7fd36d34f132e2f
1759005914757 0.126869918202365 0 cfa811d70f90408aa7fd36d34f132e2f
1759006501221 0.1765541355807313 0 cfa811d70f90408aa7fd36d34f132e2f
1759007364148 0.17034790386918047 0 cfa811d70f90408aa7fd36d34f132e2f
1759008782511 0.17815325417245498 0 cfa811d70f90408aa7fd36d34f132e2f
1759011276086 0.08618035411148513 0 cfa811d70f90408aa7fd36d34f132e2f
1759015761538 0.23771310309076268 0 cfa811d70f90408aa7fd36d34f132e2f
1759024477458 0.18049602409616286 0 cfa811d70f90408aa7fd36d34f132e2f
1759041661880 0.14440495467889083 0 cfa811d70f90408aa7fd36d34f132e2f
1759099220652 3.5509181171939554e-05 0 cfa811d70f90408aa7fd36d34f132e2f
1759103032957 3.5509181171939554e-05 0 cfa811d70f90408aa7fd36d34f132e2f
