1759002522066 0.2817096995793804 0 cfa811d70f90408aa7fd36d34f132e2f
1759002827059 0.28165251364891536 0 cfa811d70f90408aa7fd36d34f132e2f
1759003173189 0.29096592511924174 0 cfa811d70f90408aa7fd36d34f132e2f
1759003417938 0.2423066301310982 0 cfa811d70f90408aa7fd36d34f132e2f
1759003656239 0.3348430045132173 0 cfa811d70f90408aa7fd36d34f132e2f
1759003917215 0.1249468085106383 0 cfa811d70f90408aa7fd36d34f132e2f
1759004725331 0.2884658291749969 0 cfa811d70f90408aa7fd36d34f132e2f
1759004963296 0.24616921454183494 0 cfa811d70f90408aa7fd36d34f132e2f
1759005218763 0.3354567713610267 0 cfa811d70f90408aa7fd36d34f132e2f
1759005509022 0.13147163120567376 0 cfa811d70f90408aa7fd36d34f132e2f
1759005914359 0.266425355377483 0 cfa811d70f90408aa7fd36d34f132e2f
1759006500738 0.34024366236600273 0 cfa811d70f90408aa7fd36d34f132e2f
1759007363615 0.32997011912437446 0 cfa811d70f90408aa7fd36d34f132e2f
1759008780109 0.3381084476988732 0 cfa811d70f90408aa7fd36d34f132e2f
1759011275089 0.20565602836879432 0 cfa811d70f90408aa7fd36d34f132e2f
1759015758408 0.43008328964180026 0 cfa811d70f90408aa7fd36d34f132e2f
1759024471321 0.3461997789444598 0 cfa811d70f90408aa7fd36d34f132e2f
1759041650133 0.29782710079518593 0 cfa811d70f90408aa7fd36d34f132e2f
