1759002522453 0.1160203424638457 0 cfa811d70f90408aa7fd36d34f132e2f
1759002827525 0.11950305158893393 0 cfa811d70f90408aa7fd36d34f132e2f
1759003173690 0.1194178388316489 0 cfa811d70f90408aa7fd36d34f132e2f
1759003418492 0.07081514453742714 0 cfa811d70f90408aa7fd36d34f132e2f
1759003656830 0.11037892585917411 0 cfa811d70f90408aa7fd36d34f132e2f
1759003917825 0.030244771141575442 0 cfa811d70f90408aa7fd36d34f132e2f
1759004725933 0.11869590875137932 0 cfa811d70f90408aa7fd36d34f132e2f
1759004963970 0.07352065434565434 0 cfa811d70f90408aa7fd36d34f132e2f
1759005219438 0.11233112023023786 0 cfa811d70f90408aa7fd36d34f132e2f
1759005509751 0.033892231464187975 0 cfa811d70f90408aa7fd36d34f132e2f
1759005915174 0.08023347836431995 0 cfa811d70f90408aa7fd36d34f132e2f
1759006501705 0.12075826918179859 0 cfa811d70f90408aa7fd36d34f132e2f
1759007364691 0.11535270848432613 0 cfa811d70f90408aa7fd36d34f132e2f
1759008783220 0.12349260442749392 0 cfa811d70f90408aa7fd36d34f132e2f
1759011278644 0.05257677080801222 0 cfa811d70f90408aa7fd36d34f132e2f
1759015764731 0.16409671545774485 0 cfa811d70f90408aa7fd36d34f132e2f
1759024483599 0.12256510070499599 0 cfa811d70f90408aa7fd36d34f132e2f
1759041673715 0.10203571063065948 0 cfa811d70f90408aa7fd36d34f132e2f
1759099246056 0.0005250376223970293 0 cfa811d70f90408aa7fd36d34f132e2f
1759103058263 0.0005250376223970293 0 cfa811d70f90408aa7fd36d34f132e2f
