1759375448182 0.05749899715636716 9
1759375684329 0.10629080962954146 9
1759375920385 0.2109314810145985 9
1759376155552 0.21587453710310386 9
1759376426620 0.19119251777959495 19
1759376733137 0.18423635598702645 9
1759377051474 0.14113633745541823 9
1759377334922 0.20420450509418195 9
1759377634122 0.2205272326292704 9
1759377959278 0.21160404867113536 9
1759378346851 0.1622689744672883 9
1759378887372 0.2207200450813351 9
1759379625266 0.202845136106164 9
1759380830723 0.13145166981981637 19
1759381706513 0.05563179063809298 164
1759382014398 0.07521892911595782 99
