1759375448472 0.16900166869163513 0 4cf3829271fd4cd0a1c2036af9e858c5
1759375448472 0.16900166869163513 0 4cf3829271fd4cd0a1c2036af9e858c5
1759375684745 0.13294000923633575 0 4cf3829271fd4cd0a1c2036af9e858c5
1759375448472 0.16900166869163513 0 4cf3829271fd4cd0a1c2036af9e858c5
1759375448472 0.16900166869163513 0 4cf3829271fd4cd0a1c2036af9e858c5
1759375684745 0.13294000923633575 0 4cf3829271fd4cd0a1c2036af9e858c5
1759375920870 0.1873016655445099 0 4cf3829271fd4cd0a1c2036af9e858c5
1759375448472 0.16900166869163513 0 4cf3829271fd4cd0a1c2036af9e858c5
1759375448472 0.16900166869163513 0 4cf3829271fd4cd0a1c2036af9e858c5
1759375684745 0.13294000923633575 0 4cf3829271fd4cd0a1c2036af9e858c5
1759375448472 0.16900166869163513 0 4cf3829271fd4cd0a1c2036af9e858c5
1759375448472 0.16900166869163513 0 4cf3829271fd4cd0a1c2036af9e858c5
1759375684745 0.13294000923633575 0 4cf3829271fd4cd0a1c2036af9e858c5
1759375920870 0.1873016655445099 0 4cf3829271fd4cd0a1c2036af9e858c5
1759376156031 0.07118666172027588 0 4cf3829271fd4cd0a1c2036af9e858c5
