1759375449499 0.11153131063381064 0 4cf3829271fd4cd0a1c2036af9e858c5
1759375449499 0.11153131063381064 0 4cf3829271fd4cd0a1c2036af9e858c5
1759375686093 0.0673308091908092 0 4cf3829271fd4cd0a1c2036af9e858c5
1759375449499 0.11153131063381064 0 4cf3829271fd4cd0a1c2036af9e858c5
1759375449499 0.11153131063381064 0 4cf3829271fd4cd0a1c2036af9e858c5
1759375686093 0.0673308091908092 0 4cf3829271fd4cd0a1c2036af9e858c5
1759375922270 0.09936880772005771 0 4cf3829271fd4cd0a1c2036af9e858c5
1759375449499 0.11153131063381064 0 4cf3829271fd4cd0a1c2036af9e858c5
1759375449499 0.11153131063381064 0 4cf3829271fd4cd0a1c2036af9e858c5
1759375686093 0.0673308091908092 0 4cf3829271fd4cd0a1c2036af9e858c5
1759375449499 0.11153131063381064 0 4cf3829271fd4cd0a1c2036af9e858c5
1759375449499 0.11153131063381064 0 4cf3829271fd4cd0a1c2036af9e858c5
1759375686093 0.0673308091908092 0 4cf3829271fd4cd0a1c2036af9e858c5
1759375922270 0.09936880772005771 0 4cf3829271fd4cd0a1c2036af9e858c5
1759376157463 0.02580765589372788 0 4cf3829271fd4cd0a1c2036af9e858c5
