1759375449320 0.1531 0 4cf3829271fd4cd0a1c2036af9e858c5
1759375449320 0.1531 0 4cf3829271fd4cd0a1c2036af9e858c5
1759375685868 0.126 0 4cf3829271fd4cd0a1c2036af9e858c5
1759375449320 0.1531 0 4cf3829271fd4cd0a1c2036af9e858c5
1759375449320 0.1531 0 4cf3829271fd4cd0a1c2036af9e858c5
1759375685868 0.126 0 4cf3829271fd4cd0a1c2036af9e858c5
1759375922039 0.1663 0 4cf3829271fd4cd0a1c2036af9e858c5
1759375449320 0.1531 0 4cf3829271fd4cd0a1c2036af9e858c5
1759375449320 0.1531 0 4cf3829271fd4cd0a1c2036af9e858c5
1759375685868 0.126 0 4cf3829271fd4cd0a1c2036af9e858c5
1759375449320 0.1531 0 4cf3829271fd4cd0a1c2036af9e858c5
1759375449320 0.1531 0 4cf3829271fd4cd0a1c2036af9e858c5
1759375685868 0.126 0 4cf3829271fd4cd0a1c2036af9e858c5
1759375922039 0.1663 0 4cf3829271fd4cd0a1c2036af9e858c5
1759376157223 0.0599 0 4cf3829271fd4cd0a1c2036af9e858c5
