1759002521890 0.2011242144193392 0 cfa811d70f90408aa7fd36d34f132e2f
1759002521890 0.2011242144193392 0 cfa811d70f90408aa7fd36d34f132e2f
1759002826816 0.20497675686849653 0 cfa811d70f90408aa7fd36d34f132e2f
1759002521890 0.2011242144193392 0 cfa811d70f90408aa7fd36d34f132e2f
1759002521890 0.2011242144193392 0 cfa811d70f90408aa7fd36d34f132e2f
1759002826816 0.20497675686849653 0 cfa811d70f90408aa7fd36d34f132e2f
1759003172946 0.20847112439037557 0 cfa811d70f90408aa7fd36d34f132e2f
1759002521890 0.2011242144193392 0 cfa811d70f90408aa7fd36d34f132e2f
1759002521890 0.2011242144193392 0 cfa811d70f90408aa7fd36d34f132e2f
1759002826816 0.20497675686849653 0 cfa811d70f90408aa7fd36d34f132e2f
1759002521890 0.2011242144193392 0 cfa811d70f90408aa7fd36d34f132e2f
1759002521890 0.2011242144193392 0 cfa811d70f90408aa7fd36d34f132e2f
1759002826816 0.20497675686849653 0 cfa811d70f90408aa7fd36d34f132e2f
1759003172946 0.20847112439037557 0 cfa811d70f90408aa7fd36d34f132e2f
1759003417657 0.14112463417111892 0 cfa811d70f90408aa7fd36d34f132e2f
1759002521890 0.2011242144193392 0 cfa811d70f90408aa7fd36d34f132e2f
1759002521890 0.2011242144193392 0 cfa811d70f90408aa7fd36d34f132e2f
1759002826816 0.20497675686849653 0 cfa811d70f90408aa7fd36d34f132e2f
1759002521890 0.2011242144193392 0 cfa811d70f90408aa7fd36d34f132e2f
1759002521890 0.2011242144193392 0 cfa811d70f90408aa7fd36d34f132e2f
1759002826816 0.20497675686849653 0 cfa811d70f90408aa7fd36d34f132e2f
1759003172946 0.20847112439037557 0 cfa811d70f90408aa7fd36d34f132e2f
1759002521890 0.2011242144193392 0 cfa811d70f90408aa7fd36d34f132e2f
1759002521890 0.2011242144193392 0 cfa811d70f90408aa7fd36d34f132e2f
1759002826816 0.20497675686849653 0 cfa811d70f90408aa7fd36d34f132e2f
1759002521890 0.2011242144193392 0 cfa811d70f90408aa7fd36d34f132e2f
1759002521890 0.2011242144193392 0 cfa811d70f90408aa7fd36d34f132e2f
1759002826816 0.20497675686849653 0 cfa811d70f90408aa7fd36d34f132e2f
1759003172946 0.20847112439037557 0 cfa811d70f90408aa7fd36d34f132e2f
1759003417657 0.14112463417111892 0 cfa811d70f90408aa7fd36d34f132e2f
1759003655947 0.20856576460375933 0 cfa811d70f90408aa7fd36d34f132e2f
1759002521890 0.2011242144193392 0 cfa811d70f90408aa7fd36d34f132e2f
1759002521890 0.2011242144193392 0 cfa811d70f90408aa7fd36d34f132e2f
1759002826816 0.20497675686849653 0 cfa811d70f90408aa7fd36d34f132e2f
1759002521890 0.2011242144193392 0 cfa811d70f90408aa7fd36d34f132e2f
1759002521890 0.2011242144193392 0 cfa811d70f90408aa7fd36d34f132e2f
1759002826816 0.20497675686849653 0 cfa811d70f90408aa7fd36d34f132e2f
1759003172946 0.20847112439037557 0 cfa811d70f90408aa7fd36d34f132e2f
1759002521890 0.2011242144193392 0 cfa811d70f90408aa7fd36d34f132e2f
1759002521890 0.2011242144193392 0 cfa811d70f90408aa7fd36d34f132e2f
1759002826816 0.20497675686849653 0 cfa811d70f90408aa7fd36d34f132e2f
1759002521890 0.2011242144193392 0 cfa811d70f90408aa7fd36d34f132e2f
1759002521890 0.2011242144193392 0 cfa811d70f90408aa7fd36d34f132e2f
1759002826816 0.20497675686849653 0 cfa811d70f90408aa7fd36d34f132e2f
1759003172946 0.20847112439037557 0 cfa811d70f90408aa7fd36d34f132e2f
1759003417657 0.14112463417111892 0 cfa811d70f90408aa7fd36d34f132e2f
1759002521890 0.2011242144193392 0 cfa811d70f90408aa7fd36d34f132e2f
1759002521890 0.2011242144193392 0 cfa811d70f90408aa7fd36d34f132e2f
1759002826816 0.20497675686849653 0 cfa811d70f90408aa7fd36d34f132e2f
1759002521890 0.2011242144193392 0 cfa811d70f90408aa7fd36d34f132e2f
1759002521890 0.2011242144193392 0 cfa811d70f90408aa7fd36d34f132e2f
1759002826816 0.20497675686849653 0 cfa811d70f90408aa7fd36d34f132e2f
1759003172946 0.20847112439037557 0 cfa811d70f90408aa7fd36d34f132e2f
1759002521890 0.2011242144193392 0 cfa811d70f90408aa7fd36d34f132e2f
1759002521890 0.2011242144193392 0 cfa811d70f90408aa7fd36d34f132e2f
1759002826816 0.20497675686849653 0 cfa811d70f90408aa7fd36d34f132e2f
1759002521890 0.2011242144193392 0 cfa811d70f90408aa7fd36d34f132e2f
1759002521890 0.2011242144193392 0 cfa811d70f90408aa7fd36d34f132e2f
1759002826816 0.20497675686849653 0 cfa811d70f90408aa7fd36d34f132e2f
1759003172946 0.20847112439037557 0 cfa811d70f90408aa7fd36d34f132e2f
1759003417657 0.14112463417111892 0 cfa811d70f90408aa7fd36d34f132e2f
1759003655947 0.20856576460375933 0 cfa811d70f90408aa7fd36d34f132e2f
1759003916916 0.06353133703517597 0 cfa811d70f90408aa7fd36d34f132e2f
1759002521890 0.2011242144193392 0 cfa811d70f90408aa7fd36d34f132e2f
1759002521890 0.2011242144193392 0 cfa811d70f90408aa7fd36d34f132e2f
1759002826816 0.20497675686849653 0 cfa811d70f90408aa7fd36d34f132e2f
1759002521890 0.2011242144193392 0 cfa811d70f90408aa7fd36d34f132e2f
1759002521890 0.2011242144193392 0 cfa811d70f90408aa7fd36d34f132e2f
1759002826816 0.20497675686849653 0 cfa811d70f90408aa7fd36d34f132e2f
1759003172946 0.20847112439037557 0 cfa811d70f90408aa7fd36d34f132e2f
1759002521890 0.2011242144193392 0 cfa811d70f90408aa7fd36d34f132e2f
1759002521890 0.2011242144193392 0 cfa811d70f90408aa7fd36d34f132e2f
1759002826816 0.20497675686849653 0 cfa811d70f90408aa7fd36d34f132e2f
1759002521890 0.2011242144193392 0 cfa811d70f90408aa7fd36d34f132e2f
1759002521890 0.2011242144193392 0 cfa811d70f90408aa7fd36d34f132e2f
1759002826816 0.20497675686849653 0 cfa811d70f90408aa7fd36d34f132e2f
1759003172946 0.20847112439037557 0 cfa811d70f90408aa7fd36d34f132e2f
1759003417657 0.14112463417111892 0 cfa811d70f90408aa7fd36d34f132e2f
1759002521890 0.2011242144193392 0 cfa811d70f90408aa7fd36d34f132e2f
1759002521890 0.2011242144193392 0 cfa811d70f90408aa7fd36d34f132e2f
1759002826816 0.20497675686849653 0 cfa811d70f90408aa7fd36d34f132e2f
1759002521890 0.2011242144193392 0 cfa811d70f90408aa7fd36d34f132e2f
1759002521890 0.2011242144193392 0 cfa811d70f90408aa7fd36d34f132e2f
1759002826816 0.20497675686849653 0 cfa811d70f90408aa7fd36d34f132e2f
1759003172946 0.20847112439037557 0 cfa811d70f90408aa7fd36d34f132e2f
1759002521890 0.2011242144193392 0 cfa811d70f90408aa7fd36d34f132e2f
1759002521890 0.2011242144193392 0 cfa811d70f90408aa7fd36d34f132e2f
1759002826816 0.20497675686849653 0 cfa811d70f90408aa7fd36d34f132e2f
1759002521890 0.2011242144193392 0 cfa811d70f90408aa7fd36d34f132e2f
1759002521890 0.2011242144193392 0 cfa811d70f90408aa7fd36d34f132e2f
1759002826816 0.20497675686849653 0 cfa811d70f90408aa7fd36d34f132e2f
1759003172946 0.20847112439037557 0 cfa811d70f90408aa7fd36d34f132e2f
1759003417657 0.14112463417111892 0 cfa811d70f90408aa7fd36d34f132e2f
1759003655947 0.20856576460375933 0 cfa811d70f90408aa7fd36d34f132e2f
1759002521890 0.2011242144193392 0 cfa811d70f90408aa7fd36d34f132e2f
1759002521890 0.2011242144193392 0 cfa811d70f90408aa7fd36d34f132e2f
1759002826816 0.20497675686849653 0 cfa811d70f90408aa7fd36d34f132e2f
1759002521890 0.2011242144193392 0 cfa811d70f90408aa7fd36d34f132e2f
1759002521890 0.2011242144193392 0 cfa811d70f90408aa7fd36d34f132e2f
1759002826816 0.20497675686849653 0 cfa811d70f90408aa7fd36d34f132e2f
1759003172946 0.20847112439037557 0 cfa811d70f90408aa7fd36d34f132e2f
1759002521890 0.2011242144193392 0 cfa811d70f90408aa7fd36d34f132e2f
1759002521890 0.2011242144193392 0 cfa811d70f90408aa7fd36d34f132e2f
1759002826816 0.20497675686849653 0 cfa811d70f90408aa7fd36d34f132e2f
1759002521890 0.2011242144193392 0 cfa811d70f90408aa7fd36d34f132e2f
1759002521890 0.2011242144193392 0 cfa811d70f90408aa7fd36d34f132e2f
1759002826816 0.20497675686849653 0 cfa811d70f90408aa7fd36d34f132e2f
1759003172946 0.20847112439037557 0 cfa811d70f90408aa7fd36d34f132e2f
1759003417657 0.14112463417111892 0 cfa811d70f90408aa7fd36d34f132e2f
1759002521890 0.2011242144193392 0 cfa811d70f90408aa7fd36d34f132e2f
1759002521890 0.2011242144193392 0 cfa811d70f90408aa7fd36d34f132e2f
1759002826816 0.20497675686849653 0 cfa811d70f90408aa7fd36d34f132e2f
1759002521890 0.2011242144193392 0 cfa811d70f90408aa7fd36d34f132e2f
1759002521890 0.2011242144193392 0 cfa811d70f90408aa7fd36d34f132e2f
1759002826816 0.20497675686849653 0 cfa811d70f90408aa7fd36d34f132e2f
1759003172946 0.20847112439037557 0 cfa811d70f90408aa7fd36d34f132e2f
1759002521890 0.2011242144193392 0 cfa811d70f90408aa7fd36d34f132e2f
1759002521890 0.2011242144193392 0 cfa811d70f90408aa7fd36d34f132e2f
1759002826816 0.20497675686849653 0 cfa811d70f90408aa7fd36d34f132e2f
1759002521890 0.2011242144193392 0 cfa811d70f90408aa7fd36d34f132e2f
1759002521890 0.2011242144193392 0 cfa811d70f90408aa7fd36d34f132e2f
1759002826816 0.20497675686849653 0 cfa811d70f90408aa7fd36d34f132e2f
1759003172946 0.20847112439037557 0 cfa811d70f90408aa7fd36d34f132e2f
1759003417657 0.14112463417111892 0 cfa811d70f90408aa7fd36d34f132e2f
1759003655947 0.20856576460375933 0 cfa811d70f90408aa7fd36d34f132e2f
1759003916916 0.06353133703517597 0 cfa811d70f90408aa7fd36d34f132e2f
1759004725032 0.20586682451188082 0 cfa811d70f90408aa7fd36d34f132e2f
1759002521890 0.2011242144193392 0 cfa811d70f90408aa7fd36d34f132e2f
1759002521890 0.2011242144193392 0 cfa811d70f90408aa7fd36d34f132e2f
1759002826816 0.20497675686849653 0 cfa811d70f90408aa7fd36d34f132e2f
1759002521890 0.2011242144193392 0 cfa811d70f90408aa7fd36d34f132e2f
1759002521890 0.2011242144193392 0 cfa811d70f90408aa7fd36d34f132e2f
1759002826816 0.20497675686849653 0 cfa811d70f90408aa7fd36d34f132e2f
1759003172946 0.20847112439037557 0 cfa811d70f90408aa7fd36d34f132e2f
1759002521890 0.2011242144193392 0 cfa811d70f90408aa7fd36d34f132e2f
1759002521890 0.2011242144193392 0 cfa811d70f90408aa7fd36d34f132e2f
1759002826816 0.20497675686849653 0 cfa811d70f90408aa7fd36d34f132e2f
1759002521890 0.2011242144193392 0 cfa811d70f90408aa7fd36d34f132e2f
1759002521890 0.2011242144193392 0 cfa811d70f90408aa7fd36d34f132e2f
1759002826816 0.20497675686849653 0 cfa811d70f90408aa7fd36d34f132e2f
1759003172946 0.20847112439037557 0 cfa811d70f90408aa7fd36d34f132e2f
1759003417657 0.14112463417111892 0 cfa811d70f90408aa7fd36d34f132e2f
1759002521890 0.2011242144193392 0 cfa811d70f90408aa7fd36d34f132e2f
1759002521890 0.2011242144193392 0 cfa811d70f90408aa7fd36d34f132e2f
1759002826816 0.20497675686849653 0 cfa811d70f90408aa7fd36d34f132e2f
1759002521890 0.2011242144193392 0 cfa811d70f90408aa7fd36d34f132e2f
1759002521890 0.2011242144193392 0 cfa811d70f90408aa7fd36d34f132e2f
1759002826816 0.20497675686849653 0 cfa811d70f90408aa7fd36d34f132e2f
1759003172946 0.20847112439037557 0 cfa811d70f90408aa7fd36d34f132e2f
1759002521890 0.2011242144193392 0 cfa811d70f90408aa7fd36d34f132e2f
1759002521890 0.2011242144193392 0 cfa811d70f90408aa7fd36d34f132e2f
1759002826816 0.20497675686849653 0 cfa811d70f90408aa7fd36d34f132e2f
1759002521890 0.2011242144193392 0 cfa811d70f90408aa7fd36d34f132e2f
1759002521890 0.2011242144193392 0 cfa811d70f90408aa7fd36d34f132e2f
1759002826816 0.20497675686849653 0 cfa811d70f90408aa7fd36d34f132e2f
1759003172946 0.20847112439037557 0 cfa811d70f90408aa7fd36d34f132e2f
1759003417657 0.14112463417111892 0 cfa811d70f90408aa7fd36d34f132e2f
1759003655947 0.20856576460375933 0 cfa811d70f90408aa7fd36d34f132e2f
1759002521890 0.2011242144193392 0 cfa811d70f90408aa7fd36d34f132e2f
1759002521890 0.2011242144193392 0 cfa811d70f90408aa7fd36d34f132e2f
1759002826816 0.20497675686849653 0 cfa811d70f90408aa7fd36d34f132e2f
1759002521890 0.2011242144193392 0 cfa811d70f90408aa7fd36d34f132e2f
1759002521890 0.2011242144193392 0 cfa811d70f90408aa7fd36d34f132e2f
1759002826816 0.20497675686849653 0 cfa811d70f90408aa7fd36d34f132e2f
1759003172946 0.20847112439037557 0 cfa811d70f90408aa7fd36d34f132e2f
1759002521890 0.2011242144193392 0 cfa811d70f90408aa7fd36d34f132e2f
1759002521890 0.2011242144193392 0 cfa811d70f90408aa7fd36d34f132e2f
1759002826816 0.20497675686849653 0 cfa811d70f90408aa7fd36d34f132e2f
1759002521890 0.2011242144193392 0 cfa811d70f90408aa7fd36d34f132e2f
1759002521890 0.2011242144193392 0 cfa811d70f90408aa7fd36d34f132e2f
1759002826816 0.20497675686849653 0 cfa811d70f90408aa7fd36d34f132e2f
1759003172946 0.20847112439037557 0 cfa811d70f90408aa7fd36d34f132e2f
1759003417657 0.14112463417111892 0 cfa811d70f90408aa7fd36d34f132e2f
1759002521890 0.2011242144193392 0 cfa811d70f90408aa7fd36d34f132e2f
1759002521890 0.2011242144193392 0 cfa811d70f90408aa7fd36d34f132e2f
1759002826816 0.20497675686849653 0 cfa811d70f90408aa7fd36d34f132e2f
1759002521890 0.2011242144193392 0 cfa811d70f90408aa7fd36d34f132e2f
1759002521890 0.2011242144193392 0 cfa811d70f90408aa7fd36d34f132e2f
1759002826816 0.20497675686849653 0 cfa811d70f90408aa7fd36d34f132e2f
1759003172946 0.20847112439037557 0 cfa811d70f90408aa7fd36d34f132e2f
1759002521890 0.2011242144193392 0 cfa811d70f90408aa7fd36d34f132e2f
1759002521890 0.2011242144193392 0 cfa811d70f90408aa7fd36d34f132e2f
1759002826816 0.20497675686849653 0 cfa811d70f90408aa7fd36d34f132e2f
1759002521890 0.2011242144193392 0 cfa811d70f90408aa7fd36d34f132e2f
1759002521890 0.2011242144193392 0 cfa811d70f90408aa7fd36d34f132e2f
1759002826816 0.20497675686849653 0 cfa811d70f90408aa7fd36d34f132e2f
1759003172946 0.20847112439037557 0 cfa811d70f90408aa7fd36d34f132e2f
1759003417657 0.14112463417111892 0 cfa811d70f90408aa7fd36d34f132e2f
1759003655947 0.20856576460375933 0 cfa811d70f90408aa7fd36d34f132e2f
1759003916916 0.06353133703517597 0 cfa811d70f90408aa7fd36d34f132e2f
1759002521890 0.2011242144193392 0 cfa811d70f90408aa7fd36d34f132e2f
1759002521890 0.2011242144193392 0 cfa811d70f90408aa7fd36d34f132e2f
1759002826816 0.20497675686849653 0 cfa811d70f90408aa7fd36d34f132e2f
1759002521890 0.2011242144193392 0 cfa811d70f90408aa7fd36d34f132e2f
1759002521890 0.2011242144193392 0 cfa811d70f90408aa7fd36d34f132e2f
1759002826816 0.20497675686849653 0 cfa811d70f90408aa7fd36d34f132e2f
1759003172946 0.20847112439037557 0 cfa811d70f90408aa7fd36d34f132e2f
1759002521890 0.2011242144193392 0 cfa811d70f90408aa7fd36d34f132e2f
1759002521890 0.2011242144193392 0 cfa811d70f90408aa7fd36d34f132e2f
1759002826816 0.20497675686849653 0 cfa811d70f90408aa7fd36d34f132e2f
1759002521890 0.2011242144193392 0 cfa811d70f90408aa7fd36d34f132e2f
1759002521890 0.2011242144193392 0 cfa811d70f90408aa7fd36d34f132e2f
1759002826816 0.20497675686849653 0 cfa811d70f90408aa7fd36d34f132e2f
1759003172946 0.20847112439037557 0 cfa811d70f90408aa7fd36d34f132e2f
1759003417657 0.14112463417111892 0 cfa811d70f90408aa7fd36d34f132e2f
1759002521890 0.2011242144193392 0 cfa811d70f90408aa7fd36d34f132e2f
1759002521890 0.2011242144193392 0 cfa811d70f90408aa7fd36d34f132e2f
1759002826816 0.20497675686849653 0 cfa811d70f90408aa7fd36d34f132e2f
1759002521890 0.2011242144193392 0 cfa811d70f90408aa7fd36d34f132e2f
1759002521890 0.2011242144193392 0 cfa811d70f90408aa7fd36d34f132e2f
1759002826816 0.20497675686849653 0 cfa811d70f90408aa7fd36d34f132e2f
1759003172946 0.20847112439037557 0 cfa811d70f90408aa7fd36d34f132e2f
1759002521890 0.2011242144193392 0 cfa811d70f90408aa7fd36d34f132e2f
1759002521890 0.2011242144193392 0 cfa811d70f90408aa7fd36d34f132e2f
1759002826816 0.20497675686849653 0 cfa811d70f90408aa7fd36d34f132e2f
1759002521890 0.2011242144193392 0 cfa811d70f90408aa7fd36d34f132e2f
1759002521890 0.2011242144193392 0 cfa811d70f90408aa7fd36d34f132e2f
1759002826816 0.20497675686849653 0 cfa811d70f90408aa7fd36d34f132e2f
1759003172946 0.20847112439037557 0 cfa811d70f90408aa7fd36d34f132e2f
1759003417657 0.14112463417111892 0 cfa811d70f90408aa7fd36d34f132e2f
1759003655947 0.20856576460375933 0 cfa811d70f90408aa7fd36d34f132e2f
1759002521890 0.2011242144193392 0 cfa811d70f90408aa7fd36d34f132e2f
1759002521890 0.2011242144193392 0 cfa811d70f90408aa7fd36d34f132e2f
1759002826816 0.20497675686849653 0 cfa811d70f90408aa7fd36d34f132e2f
1759002521890 0.2011242144193392 0 cfa811d70f90408aa7fd36d34f132e2f
1759002521890 0.2011242144193392 0 cfa811d70f90408aa7fd36d34f132e2f
1759002826816 0.20497675686849653 0 cfa811d70f90408aa7fd36d34f132e2f
1759003172946 0.20847112439037557 0 cfa811d70f90408aa7fd36d34f132e2f
1759002521890 0.2011242144193392 0 cfa811d70f90408aa7fd36d34f132e2f
1759002521890 0.2011242144193392 0 cfa811d70f90408aa7fd36d34f132e2f
1759002826816 0.20497675686849653 0 cfa811d70f90408aa7fd36d34f132e2f
1759002521890 0.2011242144193392 0 cfa811d70f90408aa7fd36d34f132e2f
1759002521890 0.2011242144193392 0 cfa811d70f90408aa7fd36d34f132e2f
1759002826816 0.20497675686849653 0 cfa811d70f90408aa7fd36d34f132e2f
1759003172946 0.20847112439037557 0 cfa811d70f90408aa7fd36d34f132e2f
1759003417657 0.14112463417111892 0 cfa811d70f90408aa7fd36d34f132e2f
1759002521890 0.2011242144193392 0 cfa811d70f90408aa7fd36d34f132e2f
1759002521890 0.2011242144193392 0 cfa811d70f90408aa7fd36d34f132e2f
1759002826816 0.20497675686849653 0 cfa811d70f90408aa7fd36d34f132e2f
1759002521890 0.2011242144193392 0 cfa811d70f90408aa7fd36d34f132e2f
1759002521890 0.2011242144193392 0 cfa811d70f90408aa7fd36d34f132e2f
1759002826816 0.20497675686849653 0 cfa811d70f90408aa7fd36d34f132e2f
1759003172946 0.20847112439037557 0 cfa811d70f90408aa7fd36d34f132e2f
1759002521890 0.2011242144193392 0 cfa811d70f90408aa7fd36d34f132e2f
1759002521890 0.2011242144193392 0 cfa811d70f90408aa7fd36d34f132e2f
1759002826816 0.20497675686849653 0 cfa811d70f90408aa7fd36d34f132e2f
1759002521890 0.2011242144193392 0 cfa811d70f90408aa7fd36d34f132e2f
1759002521890 0.2011242144193392 0 cfa811d70f90408aa7fd36d34f132e2f
1759002826816 0.20497675686849653 0 cfa811d70f90408aa7fd36d34f132e2f
1759003172946 0.20847112439037557 0 cfa811d70f90408aa7fd36d34f132e2f
1759003417657 0.14112463417111892 0 cfa811d70f90408aa7fd36d34f132e2f
1759003655947 0.20856576460375933 0 cfa811d70f90408aa7fd36d34f132e2f
1759003916916 0.06353133703517597 0 cfa811d70f90408aa7fd36d34f132e2f
1759004725032 0.20586682451188082 0 cfa811d70f90408aa7fd36d34f132e2f
1759004962975 0.1440772643432218 0 cfa811d70f90408aa7fd36d34f132e2f
