1759002522860 0.11132815767565767 0 cfa811d70f90408aa7fd36d34f132e2f
1759002522860 0.11132815767565767 0 cfa811d70f90408aa7fd36d34f132e2f
1759002828002 0.11563218170718169 0 cfa811d70f90408aa7fd36d34f132e2f
1759002522860 0.11132815767565767 0 cfa811d70f90408aa7fd36d34f132e2f
1759002522860 0.11132815767565767 0 cfa811d70f90408aa7fd36d34f132e2f
1759002828002 0.11563218170718169 0 cfa811d70f90408aa7fd36d34f132e2f
1759003174216 0.11223362803862806 0 cfa811d70f90408aa7fd36d34f132e2f
1759002522860 0.11132815767565767 0 cfa811d70f90408aa7fd36d34f132e2f
1759002522860 0.11132815767565767 0 cfa811d70f90408aa7fd36d34f132e2f
1759002828002 0.11563218170718169 0 cfa811d70f90408aa7fd36d34f132e2f
1759002522860 0.11132815767565767 0 cfa811d70f90408aa7fd36d34f132e2f
1759002522860 0.11132815767565767 0 cfa811d70f90408aa7fd36d34f132e2f
1759002828002 0.11563218170718169 0 cfa811d70f90408aa7fd36d34f132e2f
1759003174216 0.11223362803862806 0 cfa811d70f90408aa7fd36d34f132e2f
1759003419048 0.06256533494283495 0 cfa811d70f90408aa7fd36d34f132e2f
1759002522860 0.11132815767565767 0 cfa811d70f90408aa7fd36d34f132e2f
1759002522860 0.11132815767565767 0 cfa811d70f90408aa7fd36d34f132e2f
1759002828002 0.11563218170718169 0 cfa811d70f90408aa7fd36d34f132e2f
1759002522860 0.11132815767565767 0 cfa811d70f90408aa7fd36d34f132e2f
1759002522860 0.11132815767565767 0 cfa811d70f90408aa7fd36d34f132e2f
1759002828002 0.11563218170718169 0 cfa811d70f90408aa7fd36d34f132e2f
1759003174216 0.11223362803862806 0 cfa811d70f90408aa7fd36d34f132e2f
1759002522860 0.11132815767565767 0 cfa811d70f90408aa7fd36d34f132e2f
1759002522860 0.11132815767565767 0 cfa811d70f90408aa7fd36d34f132e2f
1759002828002 0.11563218170718169 0 cfa811d70f90408aa7fd36d34f132e2f
1759002522860 0.11132815767565767 0 cfa811d70f90408aa7fd36d34f132e2f
1759002522860 0.11132815767565767 0 cfa811d70f90408aa7fd36d34f132e2f
1759002828002 0.11563218170718169 0 cfa811d70f90408aa7fd36d34f132e2f
1759003174216 0.11223362803862806 0 cfa811d70f90408aa7fd36d34f132e2f
1759003419048 0.06256533494283495 0 cfa811d70f90408aa7fd36d34f132e2f
1759003657417 0.10248281399156399 0 cfa811d70f90408aa7fd36d34f132e2f
1759002522860 0.11132815767565767 0 cfa811d70f90408aa7fd36d34f132e2f
1759002522860 0.11132815767565767 0 cfa811d70f90408aa7fd36d34f132e2f
1759002828002 0.11563218170718169 0 cfa811d70f90408aa7fd36d34f132e2f
1759002522860 0.11132815767565767 0 cfa811d70f90408aa7fd36d34f132e2f
1759002522860 0.11132815767565767 0 cfa811d70f90408aa7fd36d34f132e2f
1759002828002 0.11563218170718169 0 cfa811d70f90408aa7fd36d34f132e2f
1759003174216 0.11223362803862806 0 cfa811d70f90408aa7fd36d34f132e2f
1759002522860 0.11132815767565767 0 cfa811d70f90408aa7fd36d34f132e2f
1759002522860 0.11132815767565767 0 cfa811d70f90408aa7fd36d34f132e2f
1759002828002 0.11563218170718169 0 cfa811d70f90408aa7fd36d34f132e2f
1759002522860 0.11132815767565767 0 cfa811d70f90408aa7fd36d34f132e2f
1759002522860 0.11132815767565767 0 cfa811d70f90408aa7fd36d34f132e2f
1759002828002 0.11563218170718169 0 cfa811d70f90408aa7fd36d34f132e2f
1759003174216 0.11223362803862806 0 cfa811d70f90408aa7fd36d34f132e2f
1759003419048 0.06256533494283495 0 cfa811d70f90408aa7fd36d34f132e2f
1759002522860 0.11132815767565767 0 cfa811d70f90408aa7fd36d34f132e2f
1759002522860 0.11132815767565767 0 cfa811d70f90408aa7fd36d34f132e2f
1759002828002 0.11563218170718169 0 cfa811d70f90408aa7fd36d34f132e2f
1759002522860 0.11132815767565767 0 cfa811d70f90408aa7fd36d34f132e2f
1759002522860 0.11132815767565767 0 cfa811d70f90408aa7fd36d34f132e2f
1759002828002 0.11563218170718169 0 cfa811d70f90408aa7fd36d34f132e2f
1759003174216 0.11223362803862806 0 cfa811d70f90408aa7fd36d34f132e2f
1759002522860 0.11132815767565767 0 cfa811d70f90408aa7fd36d34f132e2f
1759002522860 0.11132815767565767 0 cfa811d70f90408aa7fd36d34f132e2f
1759002828002 0.11563218170718169 0 cfa811d70f90408aa7fd36d34f132e2f
1759002522860 0.11132815767565767 0 cfa811d70f90408aa7fd36d34f132e2f
1759002522860 0.11132815767565767 0 cfa811d70f90408aa7fd36d34f132e2f
1759002828002 0.11563218170718169 0 cfa811d70f90408aa7fd36d34f132e2f
1759003174216 0.11223362803862806 0 cfa811d70f90408aa7fd36d34f132e2f
1759003419048 0.06256533494283495 0 cfa811d70f90408aa7fd36d34f132e2f
1759003657417 0.10248281399156399 0 cfa811d70f90408aa7fd36d34f132e2f
1759003918440 0.023241190319678674 0 cfa811d70f90408aa7fd36d34f132e2f
1759002522860 0.11132815767565767 0 cfa811d70f90408aa7fd36d34f132e2f
1759002522860 0.11132815767565767 0 cfa811d70f90408aa7fd36d34f132e2f
1759002828002 0.11563218170718169 0 cfa811d70f90408aa7fd36d34f132e2f
1759002522860 0.11132815767565767 0 cfa811d70f90408aa7fd36d34f132e2f
1759002522860 0.11132815767565767 0 cfa811d70f90408aa7fd36d34f132e2f
1759002828002 0.11563218170718169 0 cfa811d70f90408aa7fd36d34f132e2f
1759003174216 0.11223362803862806 0 cfa811d70f90408aa7fd36d34f132e2f
1759002522860 0.11132815767565767 0 cfa811d70f90408aa7fd36d34f132e2f
1759002522860 0.11132815767565767 0 cfa811d70f90408aa7fd36d34f132e2f
1759002828002 0.11563218170718169 0 cfa811d70f90408aa7fd36d34f132e2f
1759002522860 0.11132815767565767 0 cfa811d70f90408aa7fd36d34f132e2f
1759002522860 0.11132815767565767 0 cfa811d70f90408aa7fd36d34f132e2f
1759002828002 0.11563218170718169 0 cfa811d70f90408aa7fd36d34f132e2f
1759003174216 0.11223362803862806 0 cfa811d70f90408aa7fd36d34f132e2f
1759003419048 0.06256533494283495 0 cfa811d70f90408aa7fd36d34f132e2f
1759002522860 0.11132815767565767 0 cfa811d70f90408aa7fd36d34f132e2f
1759002522860 0.11132815767565767 0 cfa811d70f90408aa7fd36d34f132e2f
1759002828002 0.11563218170718169 0 cfa811d70f90408aa7fd36d34f132e2f
1759002522860 0.11132815767565767 0 cfa811d70f90408aa7fd36d34f132e2f
1759002522860 0.11132815767565767 0 cfa811d70f90408aa7fd36d34f132e2f
1759002828002 0.11563218170718169 0 cfa811d70f90408aa7fd36d34f132e2f
1759003174216 0.11223362803862806 0 cfa811d70f90408aa7fd36d34f132e2f
1759002522860 0.11132815767565767 0 cfa811d70f90408aa7fd36d34f132e2f
1759002522860 0.11132815767565767 0 cfa811d70f90408aa7fd36d34f132e2f
1759002828002 0.11563218170718169 0 cfa811d70f90408aa7fd36d34f132e2f
1759002522860 0.11132815767565767 0 cfa811d70f90408aa7fd36d34f132e2f
1759002522860 0.11132815767565767 0 cfa811d70f90408aa7fd36d34f132e2f
1759002828002 0.11563218170718169 0 cfa811d70f90408aa7fd36d34f132e2f
1759003174216 0.11223362803862806 0 cfa811d70f90408aa7fd36d34f132e2f
1759003419048 0.06256533494283495 0 cfa811d70f90408aa7fd36d34f132e2f
1759003657417 0.10248281399156399 0 cfa811d70f90408aa7fd36d34f132e2f
1759002522860 0.11132815767565767 0 cfa811d70f90408aa7fd36d34f132e2f
1759002522860 0.11132815767565767 0 cfa811d70f90408aa7fd36d34f132e2f
1759002828002 0.11563218170718169 0 cfa811d70f90408aa7fd36d34f132e2f
1759002522860 0.11132815767565767 0 cfa811d70f90408aa7fd36d34f132e2f
1759002522860 0.11132815767565767 0 cfa811d70f90408aa7fd36d34f132e2f
1759002828002 0.11563218170718169 0 cfa811d70f90408aa7fd36d34f132e2f
1759003174216 0.11223362803862806 0 cfa811d70f90408aa7fd36d34f132e2f
1759002522860 0.11132815767565767 0 cfa811d70f90408aa7fd36d34f132e2f
1759002522860 0.11132815767565767 0 cfa811d70f90408aa7fd36d34f132e2f
1759002828002 0.11563218170718169 0 cfa811d70f90408aa7fd36d34f132e2f
1759002522860 0.11132815767565767 0 cfa811d70f90408aa7fd36d34f132e2f
1759002522860 0.11132815767565767 0 cfa811d70f90408aa7fd36d34f132e2f
1759002828002 0.11563218170718169 0 cfa811d70f90408aa7fd36d34f132e2f
1759003174216 0.11223362803862806 0 cfa811d70f90408aa7fd36d34f132e2f
1759003419048 0.06256533494283495 0 cfa811d70f90408aa7fd36d34f132e2f
1759002522860 0.11132815767565767 0 cfa811d70f90408aa7fd36d34f132e2f
1759002522860 0.11132815767565767 0 cfa811d70f90408aa7fd36d34f132e2f
1759002828002 0.11563218170718169 0 cfa811d70f90408aa7fd36d34f132e2f
1759002522860 0.11132815767565767 0 cfa811d70f90408aa7fd36d34f132e2f
1759002522860 0.11132815767565767 0 cfa811d70f90408aa7fd36d34f132e2f
1759002828002 0.11563218170718169 0 cfa811d70f90408aa7fd36d34f132e2f
1759003174216 0.11223362803862806 0 cfa811d70f90408aa7fd36d34f132e2f
1759002522860 0.11132815767565767 0 cfa811d70f90408aa7fd36d34f132e2f
1759002522860 0.11132815767565767 0 cfa811d70f90408aa7fd36d34f132e2f
1759002828002 0.11563218170718169 0 cfa811d70f90408aa7fd36d34f132e2f
1759002522860 0.11132815767565767 0 cfa811d70f90408aa7fd36d34f132e2f
1759002522860 0.11132815767565767 0 cfa811d70f90408aa7fd36d34f132e2f
1759002828002 0.11563218170718169 0 cfa811d70f90408aa7fd36d34f132e2f
1759003174216 0.11223362803862806 0 cfa811d70f90408aa7fd36d34f132e2f
1759003419048 0.06256533494283495 0 cfa811d70f90408aa7fd36d34f132e2f
1759003657417 0.10248281399156399 0 cfa811d70f90408aa7fd36d34f132e2f
1759003918440 0.023241190319678674 0 cfa811d70f90408aa7fd36d34f132e2f
1759004726552 0.11419193445443446 0 cfa811d70f90408aa7fd36d34f132e2f
1759002522860 0.11132815767565767 0 cfa811d70f90408aa7fd36d34f132e2f
1759002522860 0.11132815767565767 0 cfa811d70f90408aa7fd36d34f132e2f
1759002828002 0.11563218170718169 0 cfa811d70f90408aa7fd36d34f132e2f
1759002522860 0.11132815767565767 0 cfa811d70f90408aa7fd36d34f132e2f
1759002522860 0.11132815767565767 0 cfa811d70f90408aa7fd36d34f132e2f
1759002828002 0.11563218170718169 0 cfa811d70f90408aa7fd36d34f132e2f
1759003174216 0.11223362803862806 0 cfa811d70f90408aa7fd36d34f132e2f
1759002522860 0.11132815767565767 0 cfa811d70f90408aa7fd36d34f132e2f
1759002522860 0.11132815767565767 0 cfa811d70f90408aa7fd36d34f132e2f
1759002828002 0.11563218170718169 0 cfa811d70f90408aa7fd36d34f132e2f
1759002522860 0.11132815767565767 0 cfa811d70f90408aa7fd36d34f132e2f
1759002522860 0.11132815767565767 0 cfa811d70f90408aa7fd36d34f132e2f
1759002828002 0.11563218170718169 0 cfa811d70f90408aa7fd36d34f132e2f
1759003174216 0.11223362803862806 0 cfa811d70f90408aa7fd36d34f132e2f
1759003419048 0.06256533494283495 0 cfa811d70f90408aa7fd36d34f132e2f
1759002522860 0.11132815767565767 0 cfa811d70f90408aa7fd36d34f132e2f
1759002522860 0.11132815767565767 0 cfa811d70f90408aa7fd36d34f132e2f
1759002828002 0.11563218170718169 0 cfa811d70f90408aa7fd36d34f132e2f
1759002522860 0.11132815767565767 0 cfa811d70f90408aa7fd36d34f132e2f
1759002522860 0.11132815767565767 0 cfa811d70f90408aa7fd36d34f132e2f
1759002828002 0.11563218170718169 0 cfa811d70f90408aa7fd36d34f132e2f
1759003174216 0.11223362803862806 0 cfa811d70f90408aa7fd36d34f132e2f
1759002522860 0.11132815767565767 0 cfa811d70f90408aa7fd36d34f132e2f
1759002522860 0.11132815767565767 0 cfa811d70f90408aa7fd36d34f132e2f
1759002828002 0.11563218170718169 0 cfa811d70f90408aa7fd36d34f132e2f
1759002522860 0.11132815767565767 0 cfa811d70f90408aa7fd36d34f132e2f
1759002522860 0.11132815767565767 0 cfa811d70f90408aa7fd36d34f132e2f
1759002828002 0.11563218170718169 0 cfa811d70f90408aa7fd36d34f132e2f
1759003174216 0.11223362803862806 0 cfa811d70f90408aa7fd36d34f132e2f
1759003419048 0.06256533494283495 0 cfa811d70f90408aa7fd36d34f132e2f
1759003657417 0.10248281399156399 0 cfa811d70f90408aa7fd36d34f132e2f
1759002522860 0.11132815767565767 0 cfa811d70f90408aa7fd36d34f132e2f
1759002522860 0.11132815767565767 0 cfa811d70f90408aa7fd36d34f132e2f
1759002828002 0.11563218170718169 0 cfa811d70f90408aa7fd36d34f132e2f
1759002522860 0.11132815767565767 0 cfa811d70f90408aa7fd36d34f132e2f
1759002522860 0.11132815767565767 0 cfa811d70f90408aa7fd36d34f132e2f
1759002828002 0.11563218170718169 0 cfa811d70f90408aa7fd36d34f132e2f
1759003174216 0.11223362803862806 0 cfa811d70f90408aa7fd36d34f132e2f
1759002522860 0.11132815767565767 0 cfa811d70f90408aa7fd36d34f132e2f
1759002522860 0.11132815767565767 0 cfa811d70f90408aa7fd36d34f132e2f
1759002828002 0.11563218170718169 0 cfa811d70f90408aa7fd36d34f132e2f
1759002522860 0.11132815767565767 0 cfa811d70f90408aa7fd36d34f132e2f
1759002522860 0.11132815767565767 0 cfa811d70f90408aa7fd36d34f132e2f
1759002828002 0.11563218170718169 0 cfa811d70f90408aa7fd36d34f132e2f
1759003174216 0.11223362803862806 0 cfa811d70f90408aa7fd36d34f132e2f
1759003419048 0.06256533494283495 0 cfa811d70f90408aa7fd36d34f132e2f
1759002522860 0.11132815767565767 0 cfa811d70f90408aa7fd36d34f132e2f
1759002522860 0.11132815767565767 0 cfa811d70f90408aa7fd36d34f132e2f
1759002828002 0.11563218170718169 0 cfa811d70f90408aa7fd36d34f132e2f
1759002522860 0.11132815767565767 0 cfa811d70f90408aa7fd36d34f132e2f
1759002522860 0.11132815767565767 0 cfa811d70f90408aa7fd36d34f132e2f
1759002828002 0.11563218170718169 0 cfa811d70f90408aa7fd36d34f132e2f
1759003174216 0.11223362803862806 0 cfa811d70f90408aa7fd36d34f132e2f
1759002522860 0.11132815767565767 0 cfa811d70f90408aa7fd36d34f132e2f
1759002522860 0.11132815767565767 0 cfa811d70f90408aa7fd36d34f132e2f
1759002828002 0.11563218170718169 0 cfa811d70f90408aa7fd36d34f132e2f
1759002522860 0.11132815767565767 0 cfa811d70f90408aa7fd36d34f132e2f
1759002522860 0.11132815767565767 0 cfa811d70f90408aa7fd36d34f132e2f
1759002828002 0.11563218170718169 0 cfa811d70f90408aa7fd36d34f132e2f
1759003174216 0.11223362803862806 0 cfa811d70f90408aa7fd36d34f132e2f
1759003419048 0.06256533494283495 0 cfa811d70f90408aa7fd36d34f132e2f
1759003657417 0.10248281399156399 0 cfa811d70f90408aa7fd36d34f132e2f
1759003918440 0.023241190319678674 0 cfa811d70f90408aa7fd36d34f132e2f
1759002522860 0.11132815767565767 0 cfa811d70f90408aa7fd36d34f132e2f
1759002522860 0.11132815767565767 0 cfa811d70f90408aa7fd36d34f132e2f
1759002828002 0.11563218170718169 0 cfa811d70f90408aa7fd36d34f132e2f
1759002522860 0.11132815767565767 0 cfa811d70f90408aa7fd36d34f132e2f
1759002522860 0.11132815767565767 0 cfa811d70f90408aa7fd36d34f132e2f
1759002828002 0.11563218170718169 0 cfa811d70f90408aa7fd36d34f132e2f
1759003174216 0.11223362803862806 0 cfa811d70f90408aa7fd36d34f132e2f
1759002522860 0.11132815767565767 0 cfa811d70f90408aa7fd36d34f132e2f
1759002522860 0.11132815767565767 0 cfa811d70f90408aa7fd36d34f132e2f
1759002828002 0.11563218170718169 0 cfa811d70f90408aa7fd36d34f132e2f
1759002522860 0.11132815767565767 0 cfa811d70f90408aa7fd36d34f132e2f
1759002522860 0.11132815767565767 0 cfa811d70f90408aa7fd36d34f132e2f
1759002828002 0.11563218170718169 0 cfa811d70f90408aa7fd36d34f132e2f
1759003174216 0.11223362803862806 0 cfa811d70f90408aa7fd36d34f132e2f
1759003419048 0.06256533494283495 0 cfa811d70f90408aa7fd36d34f132e2f
1759002522860 0.11132815767565767 0 cfa811d70f90408aa7fd36d34f132e2f
1759002522860 0.11132815767565767 0 cfa811d70f90408aa7fd36d34f132e2f
1759002828002 0.11563218170718169 0 cfa811d70f90408aa7fd36d34f132e2f
1759002522860 0.11132815767565767 0 cfa811d70f90408aa7fd36d34f132e2f
1759002522860 0.11132815767565767 0 cfa811d70f90408aa7fd36d34f132e2f
1759002828002 0.11563218170718169 0 cfa811d70f90408aa7fd36d34f132e2f
1759003174216 0.11223362803862806 0 cfa811d70f90408aa7fd36d34f132e2f
1759002522860 0.11132815767565767 0 cfa811d70f90408aa7fd36d34f132e2f
1759002522860 0.11132815767565767 0 cfa811d70f90408aa7fd36d34f132e2f
1759002828002 0.11563218170718169 0 cfa811d70f90408aa7fd36d34f132e2f
1759002522860 0.11132815767565767 0 cfa811d70f90408aa7fd36d34f132e2f
1759002522860 0.11132815767565767 0 cfa811d70f90408aa7fd36d34f132e2f
1759002828002 0.11563218170718169 0 cfa811d70f90408aa7fd36d34f132e2f
1759003174216 0.11223362803862806 0 cfa811d70f90408aa7fd36d34f132e2f
1759003419048 0.06256533494283495 0 cfa811d70f90408aa7fd36d34f132e2f
1759003657417 0.10248281399156399 0 cfa811d70f90408aa7fd36d34f132e2f
1759002522860 0.11132815767565767 0 cfa811d70f90408aa7fd36d34f132e2f
1759002522860 0.11132815767565767 0 cfa811d70f90408aa7fd36d34f132e2f
1759002828002 0.11563218170718169 0 cfa811d70f90408aa7fd36d34f132e2f
1759002522860 0.11132815767565767 0 cfa811d70f90408aa7fd36d34f132e2f
1759002522860 0.11132815767565767 0 cfa811d70f90408aa7fd36d34f132e2f
1759002828002 0.11563218170718169 0 cfa811d70f90408aa7fd36d34f132e2f
1759003174216 0.11223362803862806 0 cfa811d70f90408aa7fd36d34f132e2f
1759002522860 0.11132815767565767 0 cfa811d70f90408aa7fd36d34f132e2f
1759002522860 0.11132815767565767 0 cfa811d70f90408aa7fd36d34f132e2f
1759002828002 0.11563218170718169 0 cfa811d70f90408aa7fd36d34f132e2f
1759002522860 0.11132815767565767 0 cfa811d70f90408aa7fd36d34f132e2f
1759002522860 0.11132815767565767 0 cfa811d70f90408aa7fd36d34f132e2f
1759002828002 0.11563218170718169 0 cfa811d70f90408aa7fd36d34f132e2f
1759003174216 0.11223362803862806 0 cfa811d70f90408aa7fd36d34f132e2f
1759003419048 0.06256533494283495 0 cfa811d70f90408aa7fd36d34f132e2f
1759002522860 0.11132815767565767 0 cfa811d70f90408aa7fd36d34f132e2f
1759002522860 0.11132815767565767 0 cfa811d70f90408aa7fd36d34f132e2f
1759002828002 0.11563218170718169 0 cfa811d70f90408aa7fd36d34f132e2f
1759002522860 0.11132815767565767 0 cfa811d70f90408aa7fd36d34f132e2f
1759002522860 0.11132815767565767 0 cfa811d70f90408aa7fd36d34f132e2f
1759002828002 0.11563218170718169 0 cfa811d70f90408aa7fd36d34f132e2f
1759003174216 0.11223362803862806 0 cfa811d70f90408aa7fd36d34f132e2f
1759002522860 0.11132815767565767 0 cfa811d70f90408aa7fd36d34f132e2f
1759002522860 0.11132815767565767 0 cfa811d70f90408aa7fd36d34f132e2f
1759002828002 0.11563218170718169 0 cfa811d70f90408aa7fd36d34f132e2f
1759002522860 0.11132815767565767 0 cfa811d70f90408aa7fd36d34f132e2f
1759002522860 0.11132815767565767 0 cfa811d70f90408aa7fd36d34f132e2f
1759002828002 0.11563218170718169 0 cfa811d70f90408aa7fd36d34f132e2f
1759003174216 0.11223362803862806 0 cfa811d70f90408aa7fd36d34f132e2f
1759003419048 0.06256533494283495 0 cfa811d70f90408aa7fd36d34f132e2f
1759003657417 0.10248281399156399 0 cfa811d70f90408aa7fd36d34f132e2f
1759003918440 0.023241190319678674 0 cfa811d70f90408aa7fd36d34f132e2f
1759004726552 0.11419193445443446 0 cfa811d70f90408aa7fd36d34f132e2f
1759004964648 0.06632467971641885 0 cfa811d70f90408aa7fd36d34f132e2f
