1759375448960 0.17798859650987311 0 4cf3829271fd4cd0a1c2036af9e858c5
1759375685399 0.1209512933874636 0 4cf3829271fd4cd0a1c2036af9e858c5
1759375921584 0.16482883930490314 0 4cf3829271fd4cd0a1c2036af9e858c5
1759376156747 0.05080352317814441 0 4cf3829271fd4cd0a1c2036af9e858c5
1759376427897 0.13131278787157846 0 4cf3829271fd4cd0a1c2036af9e858c5
1759376734416 0.17640639384256407 0 4cf3829271fd4cd0a1c2036af9e858c5
1759377052872 0.17208625690596574 0 4cf3829271fd4cd0a1c2036af9e858c5
1759377336376 0.18935160966752673 0 4cf3829271fd4cd0a1c2036af9e858c5
1759377635733 0.08723660854511918 0 4cf3829271fd4cd0a1c2036af9e858c5
1759377960987 0.24072276293039319 0 4cf3829271fd4cd0a1c2036af9e858c5
1759378348782 0.17243473175201693 0 4cf3829271fd4cd0a1c2036af9e858c5
1759378891268 0.14832440372865904 0 4cf3829271fd4cd0a1c2036af9e858c5
1759379627871 0.106927124676186 0 4cf3829271fd4cd0a1c2036af9e858c5
1759380835815 0.22302460939583002 0 4cf3829271fd4cd0a1c2036af9e858c5
1759381710244 0.19525397404946676 0 4cf3829271fd4cd0a1c2036af9e858c5
1759382018021 0.22662850326028136 0 4cf3829271fd4cd0a1c2036af9e858c5
