1759001722933 0.05749899715636716 9
1759002111370 0.05749899715636716 9
1759002521411 0.05749899715636716 9
1759002826083 0.05749899715636716 9
1759003172211 0.05749899715636716 9
1759003416855 0.10629080962954146 9
1759003655070 0.2109314810145985 9
1759003916033 0.21587453710310386 9
1759004724084 0.05749899715636716 9
1759004962016 0.10629080962954146 9
1759005217439 0.2109314810145985 9
1759005507567 0.21587453710310386 9
1759005912793 0.19119251777959495 19
1759006498802 0.18423635598702645 9
1759007361313 0.14113633745541823 9
1759008777126 0.20420450509418195 9
1759011267715 0.2205272326292704 9
1759015745069 0.21160404867113536 9
1759024446834 0.1622689744672883 9
1759041601000 0.2207200450813351 9
