1759375448324 0.1531 0 4cf3829271fd4cd0a1c2036af9e858c5
1759375448324 0.1531 0 4cf3829271fd4cd0a1c2036af9e858c5
1759375684534 0.126 0 4cf3829271fd4cd0a1c2036af9e858c5
1759375448324 0.1531 0 4cf3829271fd4cd0a1c2036af9e858c5
1759375448324 0.1531 0 4cf3829271fd4cd0a1c2036af9e858c5
1759375684534 0.126 0 4cf3829271fd4cd0a1c2036af9e858c5
1759375920615 0.1663 0 4cf3829271fd4cd0a1c2036af9e858c5
1759375448324 0.1531 0 4cf3829271fd4cd0a1c2036af9e858c5
1759375448324 0.1531 0 4cf3829271fd4cd0a1c2036af9e858c5
1759375684534 0.126 0 4cf3829271fd4cd0a1c2036af9e858c5
1759375448324 0.1531 0 4cf3829271fd4cd0a1c2036af9e858c5
1759375448324 0.1531 0 4cf3829271fd4cd0a1c2036af9e858c5
1759375684534 0.126 0 4cf3829271fd4cd0a1c2036af9e858c5
1759375920615 0.1663 0 4cf3829271fd4cd0a1c2036af9e858c5
1759376155789 0.0599 0 4cf3829271fd4cd0a1c2036af9e858c5
1759375448324 0.1531 0 4cf3829271fd4cd0a1c2036af9e858c5
1759375448324 0.1531 0 4cf3829271fd4cd0a1c2036af9e858c5
1759375684534 0.126 0 4cf3829271fd4cd0a1c2036af9e858c5
1759375448324 0.1531 0 4cf3829271fd4cd0a1c2036af9e858c5
1759375448324 0.1531 0 4cf3829271fd4cd0a1c2036af9e858c5
1759375684534 0.126 0 4cf3829271fd4cd0a1c2036af9e858c5
1759375920615 0.1663 0 4cf3829271fd4cd0a1c2036af9e858c5
1759375448324 0.1531 0 4cf3829271fd4cd0a1c2036af9e858c5
1759375448324 0.1531 0 4cf3829271fd4cd0a1c2036af9e858c5
1759375684534 0.126 0 4cf3829271fd4cd0a1c2036af9e858c5
1759375448324 0.1531 0 4cf3829271fd4cd0a1c2036af9e858c5
1759375448324 0.1531 0 4cf3829271fd4cd0a1c2036af9e858c5
1759375684534 0.126 0 4cf3829271fd4cd0a1c2036af9e858c5
1759375920615 0.1663 0 4cf3829271fd4cd0a1c2036af9e858c5
1759376155789 0.0599 0 4cf3829271fd4cd0a1c2036af9e858c5
1759376426894 0.1366 0 4cf3829271fd4cd0a1c2036af9e858c5
