1759375448625 0.20301745211053718 0 4cf3829271fd4cd0a1c2036af9e858c5
1759375448625 0.20301745211053718 0 4cf3829271fd4cd0a1c2036af9e858c5
1759375684942 0.1510850873616831 0 4cf3829271fd4cd0a1c2036af9e858c5
1759375448625 0.20301745211053718 0 4cf3829271fd4cd0a1c2036af9e858c5
1759375448625 0.20301745211053718 0 4cf3829271fd4cd0a1c2036af9e858c5
1759375684942 0.1510850873616831 0 4cf3829271fd4cd0a1c2036af9e858c5
1759375921117 0.2007130882606477 0 4cf3829271fd4cd0a1c2036af9e858c5
1759375448625 0.20301745211053718 0 4cf3829271fd4cd0a1c2036af9e858c5
1759375448625 0.20301745211053718 0 4cf3829271fd4cd0a1c2036af9e858c5
1759375684942 0.1510850873616831 0 4cf3829271fd4cd0a1c2036af9e858c5
1759375448625 0.20301745211053718 0 4cf3829271fd4cd0a1c2036af9e858c5
1759375448625 0.20301745211053718 0 4cf3829271fd4cd0a1c2036af9e858c5
1759375684942 0.1510850873616831 0 4cf3829271fd4cd0a1c2036af9e858c5
1759375921117 0.2007130882606477 0 4cf3829271fd4cd0a1c2036af9e858c5
1759376156269 0.06525548806637668 0 4cf3829271fd4cd0a1c2036af9e858c5
1759375448625 0.20301745211053718 0 4cf3829271fd4cd0a1c2036af9e858c5
1759375448625 0.20301745211053718 0 4cf3829271fd4cd0a1c2036af9e858c5
1759375684942 0.1510850873616831 0 4cf3829271fd4cd0a1c2036af9e858c5
1759375448625 0.20301745211053718 0 4cf3829271fd4cd0a1c2036af9e858c5
1759375448625 0.20301745211053718 0 4cf3829271fd4cd0a1c2036af9e858c5
1759375684942 0.1510850873616831 0 4cf3829271fd4cd0a1c2036af9e858c5
1759375921117 0.2007130882606477 0 4cf3829271fd4cd0a1c2036af9e858c5
1759375448625 0.20301745211053718 0 4cf3829271fd4cd0a1c2036af9e858c5
1759375448625 0.20301745211053718 0 4cf3829271fd4cd0a1c2036af9e858c5
1759375684942 0.1510850873616831 0 4cf3829271fd4cd0a1c2036af9e858c5
1759375448625 0.20301745211053718 0 4cf3829271fd4cd0a1c2036af9e858c5
1759375448625 0.20301745211053718 0 4cf3829271fd4cd0a1c2036af9e858c5
1759375684942 0.1510850873616831 0 4cf3829271fd4cd0a1c2036af9e858c5
1759375921117 0.2007130882606477 0 4cf3829271fd4cd0a1c2036af9e858c5
1759376156269 0.06525548806637668 0 4cf3829271fd4cd0a1c2036af9e858c5
1759376427401 0.16200629685072407 0 4cf3829271fd4cd0a1c2036af9e858c5
