1759375449141 0.11690436605061605 0 4cf3829271fd4cd0a1c2036af9e858c5
1759375449141 0.11690436605061605 0 4cf3829271fd4cd0a1c2036af9e858c5
1759375685634 0.07550554018054018 0 4cf3829271fd4cd0a1c2036af9e858c5
1759375449141 0.11690436605061605 0 4cf3829271fd4cd0a1c2036af9e858c5
1759375449141 0.11690436605061605 0 4cf3829271fd4cd0a1c2036af9e858c5
1759375685634 0.07550554018054018 0 4cf3829271fd4cd0a1c2036af9e858c5
1759375921814 0.10728164071222895 0 4cf3829271fd4cd0a1c2036af9e858c5
1759375449141 0.11690436605061605 0 4cf3829271fd4cd0a1c2036af9e858c5
1759375449141 0.11690436605061605 0 4cf3829271fd4cd0a1c2036af9e858c5
1759375685634 0.07550554018054018 0 4cf3829271fd4cd0a1c2036af9e858c5
1759375449141 0.11690436605061605 0 4cf3829271fd4cd0a1c2036af9e858c5
1759375449141 0.11690436605061605 0 4cf3829271fd4cd0a1c2036af9e858c5
1759375685634 0.07550554018054018 0 4cf3829271fd4cd0a1c2036af9e858c5
1759375921814 0.10728164071222895 0 4cf3829271fd4cd0a1c2036af9e858c5
1759376156985 0.031941919218036866 0 4cf3829271fd4cd0a1c2036af9e858c5
1759375449141 0.11690436605061605 0 4cf3829271fd4cd0a1c2036af9e858c5
1759375449141 0.11690436605061605 0 4cf3829271fd4cd0a1c2036af9e858c5
1759375685634 0.07550554018054018 0 4cf3829271fd4cd0a1c2036af9e858c5
1759375449141 0.11690436605061605 0 4cf3829271fd4cd0a1c2036af9e858c5
1759375449141 0.11690436605061605 0 4cf3829271fd4cd0a1c2036af9e858c5
1759375685634 0.07550554018054018 0 4cf3829271fd4cd0a1c2036af9e858c5
1759375921814 0.10728164071222895 0 4cf3829271fd4cd0a1c2036af9e858c5
1759375449141 0.11690436605061605 0 4cf3829271fd4cd0a1c2036af9e858c5
1759375449141 0.11690436605061605 0 4cf3829271fd4cd0a1c2036af9e858c5
1759375685634 0.07550554018054018 0 4cf3829271fd4cd0a1c2036af9e858c5
1759375449141 0.11690436605061605 0 4cf3829271fd4cd0a1c2036af9e858c5
1759375449141 0.11690436605061605 0 4cf3829271fd4cd0a1c2036af9e858c5
1759375685634 0.07550554018054018 0 4cf3829271fd4cd0a1c2036af9e858c5
1759375921814 0.10728164071222895 0 4cf3829271fd4cd0a1c2036af9e858c5
1759376156985 0.031941919218036866 0 4cf3829271fd4cd0a1c2036af9e858c5
1759376428142 0.08334441273982295 0 4cf3829271fd4cd0a1c2036af9e858c5
