1759375448960 0.17798859650987311 0 4cf3829271fd4cd0a1c2036af9e858c5
1759375448960 0.17798859650987311 0 4cf3829271fd4cd0a1c2036af9e858c5
1759375685399 0.1209512933874636 0 4cf3829271fd4cd0a1c2036af9e858c5
1759375448960 0.17798859650987311 0 4cf3829271fd4cd0a1c2036af9e858c5
1759375448960 0.17798859650987311 0 4cf3829271fd4cd0a1c2036af9e858c5
1759375685399 0.1209512933874636 0 4cf3829271fd4cd0a1c2036af9e858c5
1759375921584 0.16482883930490314 0 4cf3829271fd4cd0a1c2036af9e858c5
1759375448960 0.17798859650987311 0 4cf3829271fd4cd0a1c2036af9e858c5
1759375448960 0.17798859650987311 0 4cf3829271fd4cd0a1c2036af9e858c5
1759375685399 0.1209512933874636 0 4cf3829271fd4cd0a1c2036af9e858c5
1759375448960 0.17798859650987311 0 4cf3829271fd4cd0a1c2036af9e858c5
1759375448960 0.17798859650987311 0 4cf3829271fd4cd0a1c2036af9e858c5
1759375685399 0.1209512933874636 0 4cf3829271fd4cd0a1c2036af9e858c5
1759375921584 0.16482883930490314 0 4cf3829271fd4cd0a1c2036af9e858c5
1759376156747 0.05080352317814441 0 4cf3829271fd4cd0a1c2036af9e858c5
1759375448960 0.17798859650987311 0 4cf3829271fd4cd0a1c2036af9e858c5
1759375448960 0.17798859650987311 0 4cf3829271fd4cd0a1c2036af9e858c5
1759375685399 0.1209512933874636 0 4cf3829271fd4cd0a1c2036af9e858c5
1759375448960 0.17798859650987311 0 4cf3829271fd4cd0a1c2036af9e858c5
1759375448960 0.17798859650987311 0 4cf3829271fd4cd0a1c2036af9e858c5
1759375685399 0.1209512933874636 0 4cf3829271fd4cd0a1c2036af9e858c5
1759375921584 0.16482883930490314 0 4cf3829271fd4cd0a1c2036af9e858c5
1759375448960 0.17798859650987311 0 4cf3829271fd4cd0a1c2036af9e858c5
1759375448960 0.17798859650987311 0 4cf3829271fd4cd0a1c2036af9e858c5
1759375685399 0.1209512933874636 0 4cf3829271fd4cd0a1c2036af9e858c5
1759375448960 0.17798859650987311 0 4cf3829271fd4cd0a1c2036af9e858c5
1759375448960 0.17798859650987311 0 4cf3829271fd4cd0a1c2036af9e858c5
1759375685399 0.1209512933874636 0 4cf3829271fd4cd0a1c2036af9e858c5
1759375921584 0.16482883930490314 0 4cf3829271fd4cd0a1c2036af9e858c5
1759376156747 0.05080352317814441 0 4cf3829271fd4cd0a1c2036af9e858c5
1759376427897 0.13131278787157846 0 4cf3829271fd4cd0a1c2036af9e858c5
1759375448960 0.17798859650987311 0 4cf3829271fd4cd0a1c2036af9e858c5
1759375448960 0.17798859650987311 0 4cf3829271fd4cd0a1c2036af9e858c5
1759375685399 0.1209512933874636 0 4cf3829271fd4cd0a1c2036af9e858c5
1759375448960 0.17798859650987311 0 4cf3829271fd4cd0a1c2036af9e858c5
1759375448960 0.17798859650987311 0 4cf3829271fd4cd0a1c2036af9e858c5
1759375685399 0.1209512933874636 0 4cf3829271fd4cd0a1c2036af9e858c5
1759375921584 0.16482883930490314 0 4cf3829271fd4cd0a1c2036af9e858c5
1759375448960 0.17798859650987311 0 4cf3829271fd4cd0a1c2036af9e858c5
1759375448960 0.17798859650987311 0 4cf3829271fd4cd0a1c2036af9e858c5
1759375685399 0.1209512933874636 0 4cf3829271fd4cd0a1c2036af9e858c5
1759375448960 0.17798859650987311 0 4cf3829271fd4cd0a1c2036af9e858c5
1759375448960 0.17798859650987311 0 4cf3829271fd4cd0a1c2036af9e858c5
1759375685399 0.1209512933874636 0 4cf3829271fd4cd0a1c2036af9e858c5
1759375921584 0.16482883930490314 0 4cf3829271fd4cd0a1c2036af9e858c5
1759376156747 0.05080352317814441 0 4cf3829271fd4cd0a1c2036af9e858c5
1759375448960 0.17798859650987311 0 4cf3829271fd4cd0a1c2036af9e858c5
1759375448960 0.17798859650987311 0 4cf3829271fd4cd0a1c2036af9e858c5
1759375685399 0.1209512933874636 0 4cf3829271fd4cd0a1c2036af9e858c5
1759375448960 0.17798859650987311 0 4cf3829271fd4cd0a1c2036af9e858c5
1759375448960 0.17798859650987311 0 4cf3829271fd4cd0a1c2036af9e858c5
1759375685399 0.1209512933874636 0 4cf3829271fd4cd0a1c2036af9e858c5
1759375921584 0.16482883930490314 0 4cf3829271fd4cd0a1c2036af9e858c5
1759375448960 0.17798859650987311 0 4cf3829271fd4cd0a1c2036af9e858c5
1759375448960 0.17798859650987311 0 4cf3829271fd4cd0a1c2036af9e858c5
1759375685399 0.1209512933874636 0 4cf3829271fd4cd0a1c2036af9e858c5
1759375448960 0.17798859650987311 0 4cf3829271fd4cd0a1c2036af9e858c5
1759375448960 0.17798859650987311 0 4cf3829271fd4cd0a1c2036af9e858c5
1759375685399 0.1209512933874636 0 4cf3829271fd4cd0a1c2036af9e858c5
1759375921584 0.16482883930490314 0 4cf3829271fd4cd0a1c2036af9e858c5
1759376156747 0.05080352317814441 0 4cf3829271fd4cd0a1c2036af9e858c5
1759376427897 0.13131278787157846 0 4cf3829271fd4cd0a1c2036af9e858c5
1759376734416 0.17640639384256407 0 4cf3829271fd4cd0a1c2036af9e858c5
