1759375449499 0.11153131063381064 0 4cf3829271fd4cd0a1c2036af9e858c5
1759375449499 0.11153131063381064 0 4cf3829271fd4cd0a1c2036af9e858c5
1759375686093 0.0673308091908092 0 4cf3829271fd4cd0a1c2036af9e858c5
1759375449499 0.11153131063381064 0 4cf3829271fd4cd0a1c2036af9e858c5
1759375449499 0.11153131063381064 0 4cf3829271fd4cd0a1c2036af9e858c5
1759375686093 0.0673308091908092 0 4cf3829271fd4cd0a1c2036af9e858c5
1759375922270 0.09936880772005771 0 4cf3829271fd4cd0a1c2036af9e858c5
1759375449499 0.11153131063381064 0 4cf3829271fd4cd0a1c2036af9e858c5
1759375449499 0.11153131063381064 0 4cf3829271fd4cd0a1c2036af9e858c5
1759375686093 0.0673308091908092 0 4cf3829271fd4cd0a1c2036af9e858c5
1759375449499 0.11153131063381064 0 4cf3829271fd4cd0a1c2036af9e858c5
1759375449499 0.11153131063381064 0 4cf3829271fd4cd0a1c2036af9e858c5
1759375686093 0.0673308091908092 0 4cf3829271fd4cd0a1c2036af9e858c5
1759375922270 0.09936880772005771 0 4cf3829271fd4cd0a1c2036af9e858c5
1759376157463 0.02580765589372788 0 4cf3829271fd4cd0a1c2036af9e858c5
1759375449499 0.11153131063381064 0 4cf3829271fd4cd0a1c2036af9e858c5
1759375449499 0.11153131063381064 0 4cf3829271fd4cd0a1c2036af9e858c5
1759375686093 0.0673308091908092 0 4cf3829271fd4cd0a1c2036af9e858c5
1759375449499 0.11153131063381064 0 4cf3829271fd4cd0a1c2036af9e858c5
1759375449499 0.11153131063381064 0 4cf3829271fd4cd0a1c2036af9e858c5
1759375686093 0.0673308091908092 0 4cf3829271fd4cd0a1c2036af9e858c5
1759375922270 0.09936880772005771 0 4cf3829271fd4cd0a1c2036af9e858c5
1759375449499 0.11153131063381064 0 4cf3829271fd4cd0a1c2036af9e858c5
1759375449499 0.11153131063381064 0 4cf3829271fd4cd0a1c2036af9e858c5
1759375686093 0.0673308091908092 0 4cf3829271fd4cd0a1c2036af9e858c5
1759375449499 0.11153131063381064 0 4cf3829271fd4cd0a1c2036af9e858c5
1759375449499 0.11153131063381064 0 4cf3829271fd4cd0a1c2036af9e858c5
1759375686093 0.0673308091908092 0 4cf3829271fd4cd0a1c2036af9e858c5
1759375922270 0.09936880772005771 0 4cf3829271fd4cd0a1c2036af9e858c5
1759376157463 0.02580765589372788 0 4cf3829271fd4cd0a1c2036af9e858c5
1759376428634 0.07808544806071123 0 4cf3829271fd4cd0a1c2036af9e858c5
1759375449499 0.11153131063381064 0 4cf3829271fd4cd0a1c2036af9e858c5
1759375449499 0.11153131063381064 0 4cf3829271fd4cd0a1c2036af9e858c5
1759375686093 0.0673308091908092 0 4cf3829271fd4cd0a1c2036af9e858c5
1759375449499 0.11153131063381064 0 4cf3829271fd4cd0a1c2036af9e858c5
1759375449499 0.11153131063381064 0 4cf3829271fd4cd0a1c2036af9e858c5
1759375686093 0.0673308091908092 0 4cf3829271fd4cd0a1c2036af9e858c5
1759375922270 0.09936880772005771 0 4cf3829271fd4cd0a1c2036af9e858c5
1759375449499 0.11153131063381064 0 4cf3829271fd4cd0a1c2036af9e858c5
1759375449499 0.11153131063381064 0 4cf3829271fd4cd0a1c2036af9e858c5
1759375686093 0.0673308091908092 0 4cf3829271fd4cd0a1c2036af9e858c5
1759375449499 0.11153131063381064 0 4cf3829271fd4cd0a1c2036af9e858c5
1759375449499 0.11153131063381064 0 4cf3829271fd4cd0a1c2036af9e858c5
1759375686093 0.0673308091908092 0 4cf3829271fd4cd0a1c2036af9e858c5
1759375922270 0.09936880772005771 0 4cf3829271fd4cd0a1c2036af9e858c5
1759376157463 0.02580765589372788 0 4cf3829271fd4cd0a1c2036af9e858c5
1759375449499 0.11153131063381064 0 4cf3829271fd4cd0a1c2036af9e858c5
1759375449499 0.11153131063381064 0 4cf3829271fd4cd0a1c2036af9e858c5
1759375686093 0.0673308091908092 0 4cf3829271fd4cd0a1c2036af9e858c5
1759375449499 0.11153131063381064 0 4cf3829271fd4cd0a1c2036af9e858c5
1759375449499 0.11153131063381064 0 4cf3829271fd4cd0a1c2036af9e858c5
1759375686093 0.0673308091908092 0 4cf3829271fd4cd0a1c2036af9e858c5
1759375922270 0.09936880772005771 0 4cf3829271fd4cd0a1c2036af9e858c5
1759375449499 0.11153131063381064 0 4cf3829271fd4cd0a1c2036af9e858c5
1759375449499 0.11153131063381064 0 4cf3829271fd4cd0a1c2036af9e858c5
1759375686093 0.0673308091908092 0 4cf3829271fd4cd0a1c2036af9e858c5
1759375449499 0.11153131063381064 0 4cf3829271fd4cd0a1c2036af9e858c5
1759375449499 0.11153131063381064 0 4cf3829271fd4cd0a1c2036af9e858c5
1759375686093 0.0673308091908092 0 4cf3829271fd4cd0a1c2036af9e858c5
1759375922270 0.09936880772005771 0 4cf3829271fd4cd0a1c2036af9e858c5
1759376157463 0.02580765589372788 0 4cf3829271fd4cd0a1c2036af9e858c5
1759376428634 0.07808544806071123 0 4cf3829271fd4cd0a1c2036af9e858c5
1759376735194 0.10633090770340771 0 4cf3829271fd4cd0a1c2036af9e858c5
