1759001723083 0.1522 0 cfa811d70f90408aa7fd36d34f132e2f
1759002111541 0.1531 0 cfa811d70f90408aa7fd36d34f132e2f
1759002521569 0.1531 0 cfa811d70f90408aa7fd36d34f132e2f
1759001723083 0.1522 0 cfa811d70f90408aa7fd36d34f132e2f
1759002111541 0.1531 0 cfa811d70f90408aa7fd36d34f132e2f
1759002521569 0.1531 0 cfa811d70f90408aa7fd36d34f132e2f
1759002826322 0.1547 0 cfa811d70f90408aa7fd36d34f132e2f
1759001723083 0.1522 0 cfa811d70f90408aa7fd36d34f132e2f
1759002111541 0.1531 0 cfa811d70f90408aa7fd36d34f132e2f
1759002521569 0.1531 0 cfa811d70f90408aa7fd36d34f132e2f
1759001723083 0.1522 0 cfa811d70f90408aa7fd36d34f132e2f
1759002111541 0.1531 0 cfa811d70f90408aa7fd36d34f132e2f
1759002521569 0.1531 0 cfa811d70f90408aa7fd36d34f132e2f
1759002826322 0.1547 0 cfa811d70f90408aa7fd36d34f132e2f
1759003172449 0.1576 0 cfa811d70f90408aa7fd36d34f132e2f
1759001723083 0.1522 0 cfa811d70f90408aa7fd36d34f132e2f
1759002111541 0.1531 0 cfa811d70f90408aa7fd36d34f132e2f
1759002521569 0.1531 0 cfa811d70f90408aa7fd36d34f132e2f
1759001723083 0.1522 0 cfa811d70f90408aa7fd36d34f132e2f
1759002111541 0.1531 0 cfa811d70f90408aa7fd36d34f132e2f
1759002521569 0.1531 0 cfa811d70f90408aa7fd36d34f132e2f
1759002826322 0.1547 0 cfa811d70f90408aa7fd36d34f132e2f
1759001723083 0.1522 0 cfa811d70f90408aa7fd36d34f132e2f
1759002111541 0.1531 0 cfa811d70f90408aa7fd36d34f132e2f
1759002521569 0.1531 0 cfa811d70f90408aa7fd36d34f132e2f
1759001723083 0.1522 0 cfa811d70f90408aa7fd36d34f132e2f
1759002111541 0.1531 0 cfa811d70f90408aa7fd36d34f132e2f
1759002521569 0.1531 0 cfa811d70f90408aa7fd36d34f132e2f
1759002826322 0.1547 0 cfa811d70f90408aa7fd36d34f132e2f
1759003172449 0.1576 0 cfa811d70f90408aa7fd36d34f132e2f
1759003417125 0.1183 0 cfa811d70f90408aa7fd36d34f132e2f
1759001723083 0.1522 0 cfa811d70f90408aa7fd36d34f132e2f
1759002111541 0.1531 0 cfa811d70f90408aa7fd36d34f132e2f
1759002521569 0.1531 0 cfa811d70f90408aa7fd36d34f132e2f
1759001723083 0.1522 0 cfa811d70f90408aa7fd36d34f132e2f
1759002111541 0.1531 0 cfa811d70f90408aa7fd36d34f132e2f
1759002521569 0.1531 0 cfa811d70f90408aa7fd36d34f132e2f
1759002826322 0.1547 0 cfa811d70f90408aa7fd36d34f132e2f
1759001723083 0.1522 0 cfa811d70f90408aa7fd36d34f132e2f
1759002111541 0.1531 0 cfa811d70f90408aa7fd36d34f132e2f
1759002521569 0.1531 0 cfa811d70f90408aa7fd36d34f132e2f
1759001723083 0.1522 0 cfa811d70f90408aa7fd36d34f132e2f
1759002111541 0.1531 0 cfa811d70f90408aa7fd36d34f132e2f
1759002521569 0.1531 0 cfa811d70f90408aa7fd36d34f132e2f
1759002826322 0.1547 0 cfa811d70f90408aa7fd36d34f132e2f
1759003172449 0.1576 0 cfa811d70f90408aa7fd36d34f132e2f
1759001723083 0.1522 0 cfa811d70f90408aa7fd36d34f132e2f
1759002111541 0.1531 0 cfa811d70f90408aa7fd36d34f132e2f
1759002521569 0.1531 0 cfa811d70f90408aa7fd36d34f132e2f
1759001723083 0.1522 0 cfa811d70f90408aa7fd36d34f132e2f
1759002111541 0.1531 0 cfa811d70f90408aa7fd36d34f132e2f
1759002521569 0.1531 0 cfa811d70f90408aa7fd36d34f132e2f
1759002826322 0.1547 0 cfa811d70f90408aa7fd36d34f132e2f
1759001723083 0.1522 0 cfa811d70f90408aa7fd36d34f132e2f
1759002111541 0.1531 0 cfa811d70f90408aa7fd36d34f132e2f
1759002521569 0.1531 0 cfa811d70f90408aa7fd36d34f132e2f
1759001723083 0.1522 0 cfa811d70f90408aa7fd36d34f132e2f
1759002111541 0.1531 0 cfa811d70f90408aa7fd36d34f132e2f
1759002521569 0.1531 0 cfa811d70f90408aa7fd36d34f132e2f
1759002826322 0.1547 0 cfa811d70f90408aa7fd36d34f132e2f
1759003172449 0.1576 0 cfa811d70f90408aa7fd36d34f132e2f
1759003417125 0.1183 0 cfa811d70f90408aa7fd36d34f132e2f
1759003655355 0.1706 0 cfa811d70f90408aa7fd36d34f132e2f
