1759002522066 0.2817096995793804 0 cfa811d70f90408aa7fd36d34f132e2f
1759002522066 0.2817096995793804 0 cfa811d70f90408aa7fd36d34f132e2f
1759002827059 0.28165251364891536 0 cfa811d70f90408aa7fd36d34f132e2f
1759002522066 0.2817096995793804 0 cfa811d70f90408aa7fd36d34f132e2f
1759002522066 0.2817096995793804 0 cfa811d70f90408aa7fd36d34f132e2f
1759002827059 0.28165251364891536 0 cfa811d70f90408aa7fd36d34f132e2f
1759003173189 0.29096592511924174 0 cfa811d70f90408aa7fd36d34f132e2f
1759002522066 0.2817096995793804 0 cfa811d70f90408aa7fd36d34f132e2f
1759002522066 0.2817096995793804 0 cfa811d70f90408aa7fd36d34f132e2f
1759002827059 0.28165251364891536 0 cfa811d70f90408aa7fd36d34f132e2f
1759002522066 0.2817096995793804 0 cfa811d70f90408aa7fd36d34f132e2f
1759002522066 0.2817096995793804 0 cfa811d70f90408aa7fd36d34f132e2f
1759002827059 0.28165251364891536 0 cfa811d70f90408aa7fd36d34f132e2f
1759003173189 0.29096592511924174 0 cfa811d70f90408aa7fd36d34f132e2f
1759003417938 0.2423066301310982 0 cfa811d70f90408aa7fd36d34f132e2f
1759002522066 0.2817096995793804 0 cfa811d70f90408aa7fd36d34f132e2f
1759002522066 0.2817096995793804 0 cfa811d70f90408aa7fd36d34f132e2f
1759002827059 0.28165251364891536 0 cfa811d70f90408aa7fd36d34f132e2f
1759002522066 0.2817096995793804 0 cfa811d70f90408aa7fd36d34f132e2f
1759002522066 0.2817096995793804 0 cfa811d70f90408aa7fd36d34f132e2f
1759002827059 0.28165251364891536 0 cfa811d70f90408aa7fd36d34f132e2f
1759003173189 0.29096592511924174 0 cfa811d70f90408aa7fd36d34f132e2f
1759002522066 0.2817096995793804 0 cfa811d70f90408aa7fd36d34f132e2f
1759002522066 0.2817096995793804 0 cfa811d70f90408aa7fd36d34f132e2f
1759002827059 0.28165251364891536 0 cfa811d70f90408aa7fd36d34f132e2f
1759002522066 0.2817096995793804 0 cfa811d70f90408aa7fd36d34f132e2f
1759002522066 0.2817096995793804 0 cfa811d70f90408aa7fd36d34f132e2f
1759002827059 0.28165251364891536 0 cfa811d70f90408aa7fd36d34f132e2f
1759003173189 0.29096592511924174 0 cfa811d70f90408aa7fd36d34f132e2f
1759003417938 0.2423066301310982 0 cfa811d70f90408aa7fd36d34f132e2f
1759003656239 0.3348430045132173 0 cfa811d70f90408aa7fd36d34f132e2f
