1759002522261 0.1765592805539614 0 cfa811d70f90408aa7fd36d34f132e2f
1759002522261 0.1765592805539614 0 cfa811d70f90408aa7fd36d34f132e2f
1759002827291 0.18196956825680233 0 cfa811d70f90408aa7fd36d34f132e2f
1759002522261 0.1765592805539614 0 cfa811d70f90408aa7fd36d34f132e2f
1759002522261 0.1765592805539614 0 cfa811d70f90408aa7fd36d34f132e2f
1759002827291 0.18196956825680233 0 cfa811d70f90408aa7fd36d34f132e2f
1759003173432 0.18324754087520045 0 cfa811d70f90408aa7fd36d34f132e2f
1759002522261 0.1765592805539614 0 cfa811d70f90408aa7fd36d34f132e2f
1759002522261 0.1765592805539614 0 cfa811d70f90408aa7fd36d34f132e2f
1759002827291 0.18196956825680233 0 cfa811d70f90408aa7fd36d34f132e2f
1759002522261 0.1765592805539614 0 cfa811d70f90408aa7fd36d34f132e2f
1759002522261 0.1765592805539614 0 cfa811d70f90408aa7fd36d34f132e2f
1759002827291 0.18196956825680233 0 cfa811d70f90408aa7fd36d34f132e2f
1759003173432 0.18324754087520045 0 cfa811d70f90408aa7fd36d34f132e2f
1759003418217 0.11330639809363215 0 cfa811d70f90408aa7fd36d34f132e2f
