1759002522653 0.1531 0 cfa811d70f90408aa7fd36d34f132e2f
1759002522653 0.1531 0 cfa811d70f90408aa7fd36d34f132e2f
1759002827770 0.1547 0 cfa811d70f90408aa7fd36d34f132e2f
1759002522653 0.1531 0 cfa811d70f90408aa7fd36d34f132e2f
1759002522653 0.1531 0 cfa811d70f90408aa7fd36d34f132e2f
1759002827770 0.1547 0 cfa811d70f90408aa7fd36d34f132e2f
1759003173950 0.1576 0 cfa811d70f90408aa7fd36d34f132e2f
1759002522653 0.1531 0 cfa811d70f90408aa7fd36d34f132e2f
1759002522653 0.1531 0 cfa811d70f90408aa7fd36d34f132e2f
1759002827770 0.1547 0 cfa811d70f90408aa7fd36d34f132e2f
1759002522653 0.1531 0 cfa811d70f90408aa7fd36d34f132e2f
1759002522653 0.1531 0 cfa811d70f90408aa7fd36d34f132e2f
1759002827770 0.1547 0 cfa811d70f90408aa7fd36d34f132e2f
1759003173950 0.1576 0 cfa811d70f90408aa7fd36d34f132e2f
1759003418766 0.1183 0 cfa811d70f90408aa7fd36d34f132e2f
